65280 65024 64512 64528
65280 65024 64512 64512
65280 65024 64512 64516
65280 65024 64512 64512
65280 65024 64516 64516
65280 65024 64512 64516
65280 65024 64516 64512
65280 65024 64516 64516
65280 65024 64512 64512
65280 65024 64516 64512
65280 65024 64516 64512
65280 65024 64512 64512
65280 65024 64512 64516
65280 65024 64520 64512
65280 65024 64512 64512
65280 65024 64516 64516
65280 65024 64512 64512
65280 65024 64512 64516
65280 65024 64512 64524
65280 65024 64512 64512
65280 65024 64512 64512
65280 65024 64516 64512
65280 65024 64512 64512
65280 65024 64516 64512
65280 65024 64512 64512
65280 65024 64512 64512
65280 65024 64512 64512
65280 65024 64512 64516
65280 65024 64516 64512
65280 65024 64520 64512
65280 65024 64512 64516
65280 65024 64516 64512
65280 65024 64512 64524
65280 65024 64516 64512
65280 65024 64512 64512
65280 65024 64516 64512
65280 65024 64516 64520
65280 65024 64512 64516
65280 65024 64512 64516
65280 65024 64516 64520
65280 65024 64512 64516
65280 65024 64512 64512
65280 65024 64516 64516
65280 65024 64512 64512
65280 65024 64512 64524
65280 65024 64520 64512
65280 65024 64512 64512
65280 65024 64516 64528
65280 65024 64516 64512
65280 65024 64520 64512
65280 65024 64512 64516
65280 65024 64512 64512
65280 65024 64516 64512
65280 65024 64512 64512
65280 65024 64520 64512
65280 65024 64512 64512
65280 65024 64512 64516
65280 65024 64512 64520
65280 65024 64512 64512
65280 65024 64516 64512
65280 65024 64512 64516
65280 65024 64516 64512
65280 65024 64512 64516
65280 65024 64512 64512
65280 65024 64516 64516
65280 65024 64512 64516
65280 65024 64512 64512
65280 65024 64516 64516
65280 65024 64516 64516
65280 65024 64516 64512
65280 65024 64512 64512
65280 65024 64512 64512
65280 65024 64512 64516
65280 65024 64512 64516
65280 65024 64520 64512
65280 65024 64512 64512
65280 65024 64520 64516
65280 65024 64512 64512
65280 65024 64512 64512
65280 65024 64512 64512
65280 65024 64512 64512
65280 65024 64512 64512
65280 65024 64516 64512
65280 65024 64512 64516
65280 65024 64512 64524
65280 65024 64512 64516
65280 65024 64512 64512
65280 65024 64516 64512
65280 65024 64512 64512
65280 65024 64520 64524
65280 65024 64516 64520
65280 65024 64520 64512
65280 65024 64512 64516
65280 65024 64512 64516
65280 65024 64516 64512
65280 65024 64512 64512
65280 65024 64512 64516
65280 65024 64512 64512
65280 65024 64516 64516
65280 65024 64516 64516
