16256 16128 15872 15876
16256 16128 15872 15880
16256 16128 15876 15872
16256 16128 15872 15872
16256 16128 15872 15872
16256 16128 15876 15876
16256 16128 15872 15876
16256 16128 15884 15876
16256 16128 15872 15872
16256 16128 15872 15876
16256 16128 15872 15872
16256 16128 15880 15876
16256 16128 15872 15872
16256 16128 15876 15872
16256 16128 15872 15876
16256 16128 15876 15872
16256 16128 15880 15876
16256 16128 15876 15876
16256 16128 15872 15872
16256 16128 15876 15876
16256 16128 15876 15872
16256 16128 15876 15876
16256 16128 15884 15876
16256 16128 15872 15872
16256 16128 15872 15876
16256 16128 15872 15876
16256 16128 15876 15876
16256 16128 15872 15872
16256 16128 15872 15872
16256 16128 15872 15872
16256 16128 15872 15872
16256 16128 15872 15872
16256 16128 15880 15872
16256 16128 15872 15876
16256 16128 15872 15872
16256 16128 15876 15872
16256 16128 15872 15880
16256 16128 15872 15872
16256 16128 15872 15876
16256 16128 15872 15872
16256 16128 15872 15876
16256 16128 15872 15876
16256 16128 15872 15876
16256 16128 15880 15880
16256 16128 15872 15876
16256 16128 15876 15880
16256 16128 15872 15872
16256 16128 15872 15876
16256 16128 15872 15872
16256 16128 15872 15872
16256 16128 15872 15872
16256 16128 15872 15872
16256 16128 15876 15880
16256 16128 15872 15872
16256 16128 15876 15872
16256 16128 15876 15876
16256 16128 15876 15872
16256 16128 15872 15880
16256 16128 15876 15888
16256 16128 15872 15876
16256 16128 15876 15880
16256 16128 15872 15872
16256 16128 15872 15876
16256 16128 15872 15872
16256 16128 15876 15872
16256 16128 15880 15872
16256 16128 15876 15880
16256 16128 15872 15880
16256 16128 15876 15876
16256 16128 15876 15872
16256 16128 15876 15872
16256 16128 15872 15884
16256 16128 15872 15872
16256 16128 15872 15876
16256 16128 15872 15876
16256 16128 15876 15872
16256 16128 15872 15872
16256 16128 15876 15872
16256 16128 15880 15876
16256 16128 15876 15872
16256 16128 15872 15872
16256 16128 15872 15876
16256 16128 15872 15872
16256 16128 15872 15876
16256 16128 15872 15880
16256 16128 15872 15876
16256 16128 15888 15872
16256 16128 15872 15872
16256 16128 15880 15880
16256 16128 15872 15876
16256 16128 15884 15876
16256 16128 15872 15872
16256 16128 15872 15872
16256 16128 15872 15872
16256 16128 15872 15872
16256 16128 15876 15872
16256 16128 15880 15872
16256 16128 15872 15880
16256 16128 15872 15872
16256 16128 15876 15872
