261632 261120 260096 260100
261632 261120 260096 260104
261632 261120 260096 260112
261632 261120 260096 260096
261632 261120 260096 260096
261632 261120 260100 260096
261632 261120 260096 260100
261632 261120 260100 260096
261632 261120 260100 260104
261632 261120 260096 260096
261632 261120 260096 260096
261632 261120 260096 260100
261632 261120 260096 260100
261632 261120 260096 260096
261632 261120 260096 260096
261632 261120 260104 260100
261632 261120 260096 260096
261632 261120 260096 260096
261632 261120 260096 260100
261632 261120 260096 260096
261632 261120 260096 260096
261632 261120 260100 260096
261632 261120 260096 260096
261632 261120 260100 260100
261632 261120 260096 260100
261632 261120 260100 260096
261632 261120 260100 260096
261632 261120 260100 260100
261632 261120 260096 260096
261632 261120 260096 260100
261632 261120 260096 260096
261632 261120 260096 260096
261632 261120 260096 260100
261632 261120 260096 260104
261632 261120 260100 260100
261632 261120 260096 260096
261632 261120 260096 260096
261632 261120 260096 260096
261632 261120 260096 260100
261632 261120 260096 260096
261632 261120 260100 260096
261632 261120 260096 260096
261632 261120 260100 260100
261632 261120 260096 260100
261632 261120 260096 260096
261632 261120 260096 260096
261632 261120 260096 260096
261632 261120 260096 260096
261632 261120 260100 260100
261632 261120 260096 260096
261632 261120 260096 260096
261632 261120 260100 260096
261632 261120 260104 260096
261632 261120 260096 260096
261632 261120 260096 260100
261632 261120 260096 260100
261632 261120 260096 260096
261632 261120 260100 260100
261632 261120 260100 260096
261632 261120 260096 260100
261632 261120 260100 260100
261632 261120 260096 260100
261632 261120 260096 260096
261632 261120 260096 260096
261632 261120 260096 260100
261632 261120 260104 260096
261632 261120 260096 260096
261632 261120 260096 260104
261632 261120 260100 260096
261632 261120 260096 260100
261632 261120 260096 260096
261632 261120 260096 260108
261632 261120 260096 260100
261632 261120 260096 260104
261632 261120 260100 260100
261632 261120 260096 260096
261632 261120 260100 260096
261632 261120 260096 260096
261632 261120 260096 260096
261632 261120 260096 260096
261632 261120 260096 260096
261632 261120 260100 260096
261632 261120 260096 260096
261632 261120 260096 260100
261632 261120 260100 260104
261632 261120 260100 260100
261632 261120 260096 260100
261632 261120 260100 260096
261632 261120 260096 260096
261632 261120 260096 260096
261632 261120 260096 260096
261632 261120 260104 260104
261632 261120 260096 260096
261632 261120 260096 260100
261632 261120 260096 260096
261632 261120 260096 260104
261632 261120 260096 260096
261632 261120 260096 260100
261632 261120 260096 260096
261632 261120 260096 260096
